     A0085    0.532 0.004 0.004  83   3   3  6.90 0.40 0.40    6.84  0.66 0.66 1.68 0.05 0.06 10.80  1.12  1.04 2.66 0.09 0.09 12.21  1 
     A0119    0.675 0.026 0.023 501  28  26  5.60 0.30 0.30    6.23  0.92 0.76 1.63 0.08 0.07 10.76  1.50  1.39 2.66 0.11 0.13 12.24  1 
     A0133    0.530 0.004 0.004  45   2   2  3.80 2.00 0.90    2.78  2.51 0.95 1.24 0.30 0.16  4.41  4.00  1.52 1.97 0.47 0.27  6.71  9 
     NG507   0.444 0.005 0.005  19   1   1  1.26 0.07 0.07    0.41  0.04 0.04 0.66 0.02 0.02  0.64  0.07  0.06 1.04 0.04 0.04  1.86  2 
     A0262    0.443 0.018 0.017  42  12  10  2.15 0.06 0.06    0.90  0.10 0.09 0.86 0.03 0.03  1.42  0.15  0.13 1.35 0.05 0.04  3.17  2 
     A0400    0.534 0.014 0.013 154   9   9  2.31 0.14 0.14    1.28  0.17 0.15 0.96 0.04 0.04  2.07  0.30  0.25 1.53 0.08 0.06  4.10  2 
     A0399    0.713 0.137 0.095 450 132 100  7.00 0.40 0.40   10.00  3.73 2.48 1.91 0.21 0.18 16.64  6.61  4.32 3.07 0.36 0.30 16.24  1 
     A0401    0.613 0.010 0.010 246  11  10  8.00 0.40 0.40   10.27  1.08 0.93 1.92 0.07 0.05 16.59  1.62  1.62 3.07 0.09 0.10 16.21  1 
     A3112    0.576 0.006 0.006  61   3   3  5.30 0.70 1.00    5.17  1.17 1.45 1.53 0.11 0.16  8.22  1.79  2.31 2.43 0.16 0.25 10.16  1 
     FORNAX   0.804 0.098 0.084 174  17  15  1.20 0.04 0.04    0.87  0.22 0.16 0.84 0.07 0.06  1.42  0.36  0.27 1.35 0.11 0.09  3.20  2 
     2A0335   0.575 0.004 0.003  33   1   1  3.01 0.07 0.07    2.21  0.10 0.09 1.15 0.02 0.02  3.51  0.16  0.15 1.83 0.03 0.03  5.76  2 
     IIIZw54  0.887 0.320 0.151 289 124  73  2.16 0.35 0.30   2.36  2.22 0.90 1.18 0.29 0.17  3.93  3.83  1.54 1.89 0.48 0.29  6.32 11 
     A3158    0.661 0.025 0.022 269  20  19  5.77 0.10 0.05    7.00  0.52 0.42 1.69 0.04 0.03 11.29  0.95  0.68 2.69 0.08 0.06 12.61  3 
     A0478    0.613 0.004 0.004  98   2   2  8.40 0.80 1.40   11.32  1.78 2.81 1.99 0.10 0.18 17.89  2.95  4.35 3.13 0.18 0.27 17.12  1 
     NG1550  0.554 0.049 0.037  45  15  11  1.43 0.04 0.03    0.69  0.12 0.09 0.78 0.04 0.04  1.09  0.20  0.14 1.23 0.07 0.06  2.64  5 
     EXO0422  0.722 0.104 0.071 142  40  30  2.90 0.90 0.60    2.89  2.39 1.14 1.26 0.28 0.19  4.63  3.84  1.82 2.00 0.44 0.31  6.96  9 
     A3266    0.796 0.020 0.019 564  21  20  8.00 0.50 0.50   14.17  1.94 1.84 2.14 0.09 0.10 23.76  3.23  2.91 3.45 0.15 0.14 20.47  1 
     A0496    0.484 0.003 0.003  30   1   1  4.13 0.08 0.08    2.76  0.11 0.11 1.24 0.02 0.02  4.35  0.18  0.17 1.96 0.03 0.03  6.66  2 
     A3376    1.054 0.101 0.083 755  69  60  4.00 0.40 0.40    6.32  2.11 1.59 1.64 0.17 0.15 11.96  3.82  2.98 2.75 0.26 0.25 13.20  1 
     A3391    0.579 0.026 0.024 234  24  22  5.40 0.60 0.60    5.18  1.31 1.08 1.53 0.12 0.11  8.41  2.13  1.81 2.44 0.19 0.19 10.35  1 
     A3395s   0.964 0.275 0.167 604 173 118  5.00 0.30 0.30    8.82  4.79 2.61 1.83 0.29 0.20 15.34  8.79  4.74 2.99 0.49 0.35 15.42  1 
     A0576    0.825 0.432 0.185 394 221 125  4.02 0.07 0.07    5.36  4.42 1.66 1.55 0.34 0.18  8.96  8.01  2.91 2.50 0.60 0.31 10.86  3 
     A0754    0.698 0.027 0.024 239  17  16  9.50 0.70 0.40   16.37  2.91 1.84 2.25 0.13 0.09 26.19  4.45  2.95 3.57 0.18 0.15 21.94  1 
     HYDRA-A  0.573 0.003 0.003  50   1   1  4.30 0.40 0.40    3.76  0.58 0.55 1.38 0.07 0.07  5.94  0.91  0.84 2.17 0.11 0.10  8.21  1 
     A1060    0.607 0.040 0.034  94  15  13  3.24 0.06 0.06    2.66  0.34 0.28 1.23 0.05 0.04  4.24  0.55  0.47 1.95 0.08 0.08  6.54  2 
     A1367    0.695 0.035 0.032 383  24  22  3.55 0.08 0.08    3.34  0.36 0.32 1.32 0.05 0.04  5.69  0.63  0.56 2.14 0.08 0.07  8.08  2 
     MKW4     0.440 0.004 0.005  11   1   1  1.71 0.09 0.09    0.64  0.06 0.06 0.76 0.02 0.03  1.00  0.10  0.09 1.20 0.04 0.03  2.51  2 
     Zwl1215 0.819 0.038 0.034 431  28  25  5.58 0.89 0.78   8.79  3.00 2.29 1.83 0.19 0.18 14.52  4.92  3.67 2.93 0.30 0.27 14.91 11 
     NG4636  0.491 0.032 0.027   6   3   2  0.76 0.01 0.01    0.22  0.03 0.02 0.53 0.02 0.02  0.35  0.04  0.04 0.85 0.03 0.03  1.24  4 
     A3526    0.495 0.011 0.010  37   5   4  3.68 0.06 0.06    2.39  0.15 0.13 1.18 0.02 0.02  3.78  0.23  0.18 1.87 0.04 0.03  6.07  2 
     A1644    0.579 0.111 0.074 300 128  92  4.70 0.90 0.70    4.10  2.64 1.41 1.42 0.26 0.18  6.73  4.54  2.38 2.27 0.43 0.31  8.98 10 
     A1650    0.704 0.131 0.081 281 104  71  6.70 0.80 0.80    9.62  4.91 2.92 1.88 0.28 0.21 15.60  8.08  4.85 3.01 0.45 0.35 15.56  1 
     A1651    0.643 0.014 0.013 181  10  10  6.10 0.40 0.40    7.45  1.00 0.95 1.73 0.07 0.08 11.91  1.60  1.52 2.75 0.12 0.13 13.01  1 
     OMA     0.654 0.019 0.021 344  22  21  8.38 0.34 0.34   11.99  1.28 1.29 2.03 0.07 0.08 19.38  2.08  1.97 3.22 0.11 0.11 18.01  2 
     NG5044  0.524 0.002 0.003  11   1   1  1.07 0.01 0.01    0.41  0.01 0.01 0.66 0.01 0.01  0.65  0.01  0.01 1.04 0.01 0.01  1.87  2 
     A1736    0.542 0.147 0.092 374 178 130  3.50 0.40 0.40    2.19  1.23 0.74 1.15 0.18 0.15  3.78  2.41  1.34 1.87 0.34 0.25  6.22  1 
     A3558    0.580 0.006 0.005 224   5   5  5.50 0.40 0.40    5.37  0.70 0.64 1.55 0.07 0.06  8.64  1.12  1.03 2.46 0.10 0.10 10.56  1 
     A3562    0.472 0.006 0.006  99   5   5  5.16 0.16 0.16    3.68  0.24 0.23 1.37 0.03 0.03  5.83  0.38  0.36 2.16 0.05 0.04  8.10  3 
     A3571    0.613 0.010 0.010 181   7   7  6.90 0.20 0.20    8.33  0.56 0.53 1.79 0.04 0.04 13.31  0.90  0.85 2.85 0.06 0.06 14.04  1 
     A1795    0.596 0.003 0.002  78   1   1  7.80 1.00 1.00    9.75  2.01 1.90 1.89 0.12 0.14 15.39  3.17  2.92 2.99 0.19 0.20 15.46  1 
     A3581    0.543 0.024 0.022  35   5   4  1.83 0.04 0.04    0.96  0.09 0.09 0.87 0.02 0.03  1.52  0.16  0.13 1.38 0.05 0.04  3.30  5 
     MKW8     0.511 0.098 0.059 107  70  42  3.29 0.23 0.22    2.10  0.86 0.52 1.14 0.13 0.10  3.33  1.45  0.83 1.79 0.24 0.17  5.60  5 
     A2029    0.582 0.004 0.004  83   2   2  9.10 1.00 1.00   11.82  2.14 1.99 2.01 0.11 0.12 18.79  3.40  3.17 3.20 0.18 0.19 17.62  1 
     A2052    0.526 0.005 0.005  37   2   2  3.03 0.04 0.04    1.95  0.07 0.06 1.10 0.02 0.01  3.10  0.09  0.11 1.75 0.01 0.02  5.30  3 
     MKW3S    0.581 0.008 0.007  66   3   3  3.70 0.20 0.20    3.06  0.32 0.30 1.29 0.05 0.04  4.84  0.51  0.47 2.03 0.07 0.07  7.16  1 
     A2065    1.162 0.734 0.282 690 360 186  5.50 0.40 0.40   13.44 16.12 5.17 2.10 0.63 0.31 23.37 29.87  9.42 3.43 1.09 0.54 20.21  1 
     A2063    0.561 0.011 0.011 110   7   6  3.68 0.11 0.11    2.84  0.23 0.19 1.25 0.04 0.03  4.54  0.36  0.31 1.99 0.06 0.04  6.86  2 
     A2142    0.591 0.006 0.006 154   6   6  9.70 1.50 1.10   13.29  3.45 2.41 2.10 0.17 0.14 21.04  5.46  3.69 3.31 0.26 0.20 19.05  1 
     A2147    0.444 0.071 0.046 238 103  65  4.91 0.28 0.28    2.99  0.92 0.63 1.28 0.12 0.10  4.84  1.64  1.03 2.03 0.21 0.15  7.21  2 
     A2163    0.796 0.030 0.028 519  31  29 13.29 0.64 0.64   31.85  4.24 3.74 2.81 0.12 0.11 51.99  6.96  6.13 4.49 0.19 0.18 34.18  3 
     A2199    0.655 0.019 0.021 139  10  10  4.10 0.08 0.08    4.21  0.33 0.29 1.43 0.04 0.03  6.73  0.52  0.51 2.27 0.06 0.06  8.92  2 
     A2204    0.597 0.008 0.007  67   3   3  7.21 0.25 0.25    8.67  0.67 0.57 1.82 0.05 0.04 13.79  0.96  1.00 2.89 0.06 0.08 14.34  3 
     A2244    0.607 0.016 0.015 126  11  10  7.10 5.00 2.20    8.65 11.47 3.89 1.82 0.59 0.33 13.78 18.02  6.20 2.89 0.92 0.52 14.33 10 
     A2256    0.914 0.054 0.047 587  40  37  6.60 0.40 0.40   12.83  2.38 2.00 2.07 0.12 0.11 21.81  4.07  3.54 3.36 0.19 0.20 19.34  1 
     A2255    0.797 0.033 0.030 593  35  32  6.87 0.20 0.20   10.90  1.15 0.95 1.96 0.07 0.05 18.65  2.01  1.67 3.18 0.11 0.09 17.54  3 
     A3667    0.541 0.008 0.008 279  10  10  7.00 0.60 0.60    6.88  1.08 1.02 1.68 0.08 0.09 11.19  1.76  1.65 2.69 0.13 0.14 12.50  1 
     S1101    0.639 0.006 0.007  56   2   2  3.00 1.20 0.70    2.58  1.76 0.88 1.22 0.23 0.16  4.08  2.78  1.39 1.92 0.36 0.25  6.38  9 
     A2589    0.596 0.013 0.012 118   8   7  3.70 2.20 1.10    3.14  3.44 1.35 1.29 0.37 0.22  5.01  5.41  2.15 2.06 0.56 0.35  7.33  9 
     A2597    0.633 0.008 0.008  58   2   2  4.40 0.40 0.70    4.52  0.72 1.11 1.47 0.07 0.14  7.14  1.14  1.72 2.31 0.11 0.20  9.27  1 
     A2634    0.640 0.051 0.043 364  44  39  3.70 0.28 0.28    3.15  0.78 0.60 1.29 0.10 0.09  5.35  1.34  1.04 2.10 0.17 0.14  7.77  2 
     A2657    0.556 0.008 0.007 119   5   5  3.70 0.30 0.30    2.83  0.43 0.39 1.25 0.06 0.06  4.52  0.68  0.62 1.99 0.10 0.09  6.84  1 
     A4038    0.541 0.009 0.008  59   4   4  3.15 0.03 0.03    2.16  0.09 0.08 1.14 0.02 0.02  3.41  0.14  0.11 1.80 0.03 0.01  5.67  3 
     A4059    0.582 0.010 0.010  90   5   5  4.40 0.30 0.30    3.95  0.52 0.48 1.40 0.06 0.06  6.30  0.83  0.76 2.22 0.09 0.09  8.52  1 
  A2734    0.624 0.034 0.029 212  26  23  3.85 0.62 0.54   3.49  1.25 0.89 1.34 0.15 0.12  5.67  1.98  1.48 2.14 0.22 0.21  7.97 11 
  A2877    0.566 0.029 0.025 190  19  17  3.50 2.20 1.10    2.61  3.32 1.24 1.22 0.39 0.23  4.24  5.28  2.00 1.95 0.60 0.38  6.57 10 
  NG499   0.722 0.034 0.030  24   2   2  0.72 0.03 0.02    0.36  0.05 0.04 0.63 0.03 0.02  0.58  0.08  0.06 1.00 0.04 0.04  1.73  4 
  AWM7     0.671 0.027 0.025 173  18  15  3.75 0.09 0.09    3.79  0.38 0.32 1.38 0.05 0.04  6.08  0.62  0.52 2.19 0.08 0.06  8.35  2 
  PERSEUS  0.540 0.006 0.004  64   2   2  6.79 0.12 0.12    6.84  0.29 0.26 1.68 0.02 0.02 10.80  0.46  0.41 2.66 0.04 0.04 12.20  2 
  S405     0.664 0.263 0.133 459 262 159  4.21 0.67 0.59   3.91  3.56 1.57 1.40 0.33 0.22  6.75  6.80  2.81 2.27 0.60 0.37  9.09 11 
  3129    0.601 0.260 0.131 318 178 107  5.60 0.70 0.60    5.68  5.58 2.29 1.58 0.40 0.25  9.30  9.51  3.85 2.53 0.67 0.42 11.08  9 
  A0539    0.561 0.020 0.018 148  13  12  3.24 0.09 0.09    2.33  0.21 0.19 1.18 0.03 0.03  3.74  0.35  0.34 1.87 0.05 0.06  6.04  2 
  S540     0.641 0.073 0.051 130  38  29  2.40 0.38 0.34   1.83  0.83 0.54 1.08 0.14 0.12  2.93  1.34  0.87 1.72 0.23 0.19  5.13 11 
  A0548w   0.666 0.194 0.111 198  90  62  1.20 0.19 0.17   0.63  0.48 0.23 0.76 0.16 0.11  1.06  0.84  0.41 1.23 0.26 0.19  2.64 11 
  A0548e   0.480 0.013 0.013 118  12  11  3.10 0.10 0.10    1.74  0.15 0.15 1.07 0.03 0.04  2.77  0.27  0.23 1.68 0.06 0.05  4.95  3 
  A3395n   0.981 0.619 0.244 672 383 203  5.00 0.30 0.30    8.70  9.53 3.19 1.82 0.51 0.26 15.47 18.82  6.07 2.99 0.92 0.46 15.55  1 
  UG03957 0.740 0.133 0.086 142  45  33  2.58 0.41 0.36   2.51  1.50 0.83 1.20 0.21 0.15  4.02  2.41  1.33 1.91 0.33 0.23  6.35 11 
  PKS0745  0.608 0.006 0.006  71   2   2  7.21 0.11 0.11    8.88  0.35 0.28 1.83 0.03 0.01 14.12  0.56  0.53 2.91 0.04 0.04 14.58  3 
  A0644    0.700 0.011 0.011 203   7   7  7.90 0.80 0.80   12.50  2.29 2.11 2.06 0.12 0.12 19.83  3.79  3.23 3.24 0.21 0.17 18.33  1 
  S636     0.752 0.217 0.123 344 130  86  1.18 0.19 0.17   0.61  0.44 0.22 0.75 0.15 0.10  1.16  0.90  0.44 1.26 0.27 0.18  2.93 11 
  A1413    0.660 0.017 0.015 179  12  11  7.32 0.26 0.24   10.20  0.93 0.82 1.92 0.05 0.05 16.29  1.49  1.31 3.05 0.09 0.08 16.03  3 
  M49      0.592 0.007 0.007  11   1   1  0.95 0.02 0.01    0.41  0.02 0.01 0.66 0.01 0.01  0.65  0.04  0.02 1.04 0.02 0.01  1.87  4 
  A3528n   0.621 0.034 0.030 178  17  16  3.40 1.66 0.64    2.89  2.84 0.94 1.26 0.32 0.15  4.65  4.54  1.48 2.00 0.51 0.23  7.00  8 
  A3528s   0.463 0.013 0.012 101   9   8  3.15 0.89 0.59    1.69  0.87 0.50 1.05 0.16 0.12  2.70  1.39  0.80 1.67 0.25 0.19  4.86  8 
  A3530    0.773 0.114 0.085 421  75  61  3.89 0.27 0.25    4.52  1.52 1.05 1.47 0.15 0.13  7.64  2.72  1.80 2.36 0.26 0.20  9.82  7 
  A3532    0.653 0.034 0.029 282  27  24  4.58 0.19 0.17    4.77  0.70 0.52 1.49 0.07 0.05  7.79  1.16  0.91 2.38 0.12 0.10  9.88  7 
  A1689    0.690 0.011 0.011 163   7   6  9.23 0.28 0.28   15.49  1.18 1.00 2.20 0.06 0.05 24.68  1.70  1.76 3.50 0.07 0.10 21.13  3 
  A3560    0.566 0.033 0.029 256  30  27  3.16 0.51 0.44   2.16  0.79 0.56 1.14 0.12 0.11  3.59  1.30  0.95 1.84 0.20 0.18  5.92 11 
  A1775    0.673 0.026 0.023 260  19  18  3.69 0.20 0.11    3.61  0.50 0.34 1.36 0.06 0.05  5.91  0.83  0.56 2.17 0.09 0.07  8.21  3 
  A1800    0.766 0.308 0.139 392 223 132  4.02 0.64 0.56   4.75  4.64 1.85 1.49 0.38 0.23  7.97  8.31  3.17 2.39 0.65 0.37 10.08 11 
  A1914    0.751 0.018 0.017 231  11  10 10.53 0.51 0.50   21.43  2.39 2.16 2.46 0.09 0.08 33.99  4.06  3.43 3.88 0.16 0.13 26.20  3 
  NG5813  0.766 0.179 0.103  25   9   6  0.52 0.08 0.07   0.24  0.17 0.08 0.55 0.11 0.07  0.38  0.27  0.13 0.87 0.16 0.12  1.32 11 
  NG5846  0.599 0.016 0.015   7   1   1  0.82 0.01 0.01    0.33  0.02 0.02 0.61 0.01 0.01  0.53  0.03  0.03 0.97 0.02 0.01  1.63  4 
  A2151w   0.564 0.014 0.013  68   5   5  2.40 0.06 0.06    1.52  0.12 0.10 1.02 0.03 0.02  2.42  0.18  0.18 1.61 0.03 0.04  4.51  3 
  A3627    0.555 0.056 0.044 299  56  49  6.02 0.08 0.08    5.63  0.95 0.68 1.57 0.09 0.06  9.20  1.61  1.16 2.51 0.14 0.10 11.03  3 
  TRIANGUL 0.610 0.010 0.010 279  11  10  9.60 0.60 0.60   13.42  1.70 1.55 2.10 0.09 0.09 21.54  2.73  2.36 3.34 0.14 0.11 19.35  1 
  OPHIUHU 0.747 0.035 0.032 279  23  22 10.26 0.32 0.32   20.25  2.51 2.10 2.41 0.10 0.08 32.43  4.05  3.38 3.83 0.16 0.13 25.32  2 
  Zwl1742 0.717 0.073 0.053 232  46  38  5.23 0.84 0.73   6.88  3.06 1.96 1.68 0.22 0.18 11.05  4.93  3.16 2.67 0.35 0.28 12.42 11 
  A2319    0.591 0.013 0.012 285  15  14  8.80 0.50 0.50   11.16  1.39 1.20 1.97 0.08 0.07 18.07  2.12  2.06 3.16 0.11 0.13 17.17  1 
  A3695    0.642 0.259 0.117 399 254 149  5.29 0.85 0.74   5.57  5.29 2.16 1.57 0.39 0.24  9.32  9.56  3.74 2.53 0.67 0.40 11.12 11 
  IIZw108  0.662 0.167 0.097 365 159 105  3.44 0.55 0.48   2.96  2.00 1.02 1.27 0.24 0.16  5.04  3.60  1.80 2.06 0.40 0.28  7.47 11 
  A3822    0.639 0.150 0.093 351 160 111  4.90 0.78 0.69   4.97  3.30 1.75 1.51 0.28 0.20  8.26  5.64  3.02 2.43 0.46 0.34 10.29 11 
  A3827    0.989 0.410 0.192 593 248 149  7.08 1.13 0.99  16.35 17.02 6.76 2.25 0.60 0.37 27.44 29.53 11.46 3.62 0.99 0.60 22.44 11 
  A3888    0.928 0.084 0.066 401  46  40  8.84 1.41 1.24  22.00  9.28 6.28 2.48 0.31 0.26 35.74 15.07 10.38 3.96 0.49 0.44 26.85 11 
  A3921    0.762 0.036 0.030 328  26  23  5.73 0.24 0.23    8.46  1.13 0.96 1.80 0.08 0.07 13.80  1.87  1.59 2.89 0.12 0.12 14.37  3 
  HG94    0.514 0.007 0.006  86   4   4  3.45 0.30 0.30    2.28  0.36 0.34 1.17 0.06 0.06  3.62  0.56  0.51 1.84 0.09 0.09  5.90  6 
  RXJ2344  0.807 0.033 0.030 301  20  18  4.73 0.76 0.66   6.91  2.30 1.69 1.68 0.17 0.14 11.27  3.74  2.80 2.69 0.27 0.25 12.58 11 
