0.337
0.026
0.421
0.226
0.158
0.039
0.042
0.111
0.544
0.018
1.066
0.039
0.076
0.502
0.145
0.128
0.045
0.651
0.020
0.050
0.025
0.031
0.086
0.634
0.092
0.025
0.570
0.052
0.328
0.286
0.043
0.084
0.153
0.061
0.672
0.025
0.085
0.110
0.144
0.499
0.314
0.051
0.564
0.521
0.314
0.04
0.12
0.268
0.034
0.102
0.162
0.987
0.234
0.051
0.032
0.066
0.554
0.120
0.711
0.021
0.098
0.259
0.202
0.063
0.028
0.204
0.088
0.632
0.024
0.034
0.061
0.078
0.019
0.054
0.020
0.093
0.970
0.152
0.014
0.193
0.259
0.066
0.094
0.025
0.045
0.334
0.033
0.061
0.036
0.218
0.175
0.470
0.159
0.037
0.097
0.128
0.096
0.098
0.040
0.027
0.040
0.051
0.101
0.067
0.105
0.072